0115549007541
0205529000604
0105531009304
0105539032402
0125534003064
0105531089545
0725549000117
0105533095721
0105560137951
0105559140804
0175559000085
0105556070872
0105546007892
0105490000456
0105552095013
0105556189730
0105545073247
0125552008137
0105542059782
0105548105522
0723557000544
0135551011347
0105543023625
0133541002556
0135553008921
0105535082537
0105550052031
0115545009832
0105552137191
0105543001826
0135561009493
0125554016765
0733548000961
0763552000244
0105544043212
0305539000801
0135550032146
0105510003641
0125557000045
0205504000031
0105555167635
0105528008092
0115545009531
0745548003112
0105544017319
0725560002376
0105553039141
0105519015286
0105546135491
0755555000204
0725560002031
0105541073145
0145537000244
0125554004732
0605528000062
0135561025120
0435555000240
0105560204519
0105546091885
0105567034562
0575557001773
0105564160630
0115535008744
0105564048406
0105554030440
0135557018971
0105532072018
0755565000860
0105541039729
0105548029630
0135549000597
0115558009071
0105538019895
0105546042574
0505555007511
0135549002948
0105527014765
0105528038323
0105556068061
0105555099516
0905563003657
0105564114182
0105541060329
0135557000738
0115525000465
0105542085121
0105558043406
0345557001295
0115563013544
0135565006898
0107564000189
0835558008485
0105551110566
0105539001647
0107566000551
0135562019956
0723555000628
0105539001647
0105525026324
0115565025132
0105565014513
0835554012119
0107563000151
0105551124702
0585560000090
0105553118491
0105518003713
0325567000356
0105554027422
0107537001668
0105555116577
0105531092961
0105539001647
0107561000374
0107545000047
0105557162011
0105566072932
0105548154060
0125546000421
0107536001184
0105538037729
0135535002801
0103533024422
0115558021216
0125546009542
0107537001439
0105553036312
0105540042491
0105553124556
0107563000088
0105551087891
0107563000088
0105530007022
0105528014688
0107556000337
0105544033802
0105515007793
0135536001476
0105504000831
0723554001345
0105541018934
0105499000025
0105504001454
0105539029665
0325551000181
0107536000544
0105534019921
0105562078529
0105549024917
0105511002304
0505567002934
0105566215733
0105564135058
0105516008858
0105506000277
0105558070608
0105551027707
0105514006823
0115561013130
0735532000275
0105528018152
0105561033912
0105536014471
0105528041952
0735536000237
0107567000414
0105514003654
0105530036545
0105539091441
0105510003854
0105521000304
0745547003135
0105549026383
0105499000963
0105556115442
0735559001612
0115542002438
0105539045016
0105552082728
0105548154078
0105562037369
0105556075891
0105518006607
0107567000082
0107565000735
0107537001536
0105558148437
0105539045016
0105539024400
0107568000094
0735531000808
0105558057725
0105565192187
0107537001196
0105557090958
0105560114234
0715552000238
0105560188408
0105530003787
0105528039508
0105534075774
0205550004214
0105554124835
0105543075609
0107537002591
0105558108371
0105505001563
0105533102883
0105493000091
0105532018536
0105549121807
0835542002466
0107559000109
0105556188792
0105532111269
0115529000800
0105532084750
0107536000757
0733541000469
0105516001721
0125560005001
0105557026729
0745538001460
0105545040951
0105535040061
0105557026729
0135559001561
0125553010747
0105557062571
0105532054273
0105549046651
0105537005416
0675545000105
0105529026345
0105524027815
0103520010045
0115557005853
0115567034058
0105560080020
0105541008416
0775559000829
0105516001471
0105514001619
0105538082449
0105554083888
0105532003083
0105554086224
0105535117004
0105536074309
0105534104171
0245563000549
0105559009384
0115539008943
0125555002415
0143554001910
0165554000109
0745546001937
0125560016089
0105537033002
0105536026169
0105534104171
0205542003263
0105548150056
0105548032916
0105529000427
0105537011751
0725557000040
0135559011699
0105544060401
0105553051311
0105542071707
0135556004071
0105553053659
0105547069981
0105528033496
0115535000417
0105553046334
0735557004444
0105546057733
0105549077476
0105538006319
0735555002681
0105556161762
0105529022242
0205565047330
0945564000481
0105533099181
0105537086874
0505551002107
0105536121404
0125560026602
0135555011490
0755549000150
0125533003869
0735536002159
0765559000705
0103535016991
0105534114699
0135561025171
0105527025422
0105563152927
0105553066203
0105563054801
0105526038831
0745556007261
0105555024095
0115554000087
0105530012832
0105554072045
0105557181279
0105558075201
0105560194076
0103534022334
0105559029130
0135559021082
0305561002764
0125534002700
0115552001710
0205522000153
0125533003869
0135535001758
0505554001781
0105528010216
0105567047303
0105538103021
0107560000419
0105563140902
0105542079694
0115567023889
0105528025132
0105545084672
0513548000482
0103558017144
0103556029382
0415550000357
0105551068527
0107553000191
0505556006909
0135558016794
0105530024822
0135554015246
0405559003154
0105513002115
0105563108600
0103533032379
0105523010129
0735561005221
0105536050884
0105535062277
0245538000557
0105556092302
0105550078651
0105560129681
0135545000886
0105536111620
0205525000219
0105543059859
0105560127425
0115544004241
0745542001550
0105542094316
0105544065917
0105538092169
0105556164117
0735549001385
0105534120648
0105560198918
0105544119928
0105538028843
0745551002661
0107564000201
0105541001063
0135563011321
0105559022488
0105534120206
0215525000057
0105528030373
0105564095153
0935559000045
0345557001236
0105537116838
0105547070466
0105532057761
0105552073010
0103546028596
0105538068837
0107537000602
0105537008024
0735554001754
0105530065090
0105540042378
0105535016038
0103556016647
0735554001754
0105537118857
0105549026286
0105516012928
0155566000516
0105518005317
0735559004255
0135559022640
0105535128090
0105519005850
0107564000201
0105553108518
0105517003469
0145551000761
0115551012971
0105557002862
0107566000402
0105543091477
0105544097665
0115544003342
0105531065131
0115557009719
0105564007891
0735544000160
0105522015445
0105545064469
0105546090684
0105532098882
0125543002253
0105531093186
0102502001683
0745543001375
0105563084018
0105537000392
0105553153742
0103527003192
0105560025428
0105547060304
0905525000425
0103548005402
0105566010929
0105548055690
0105539015397
0203546004050
0105521015816
0723558000068
0125554019454
0105526015172
0323555000877
0103536003671
0105552067869
0105521004849
0105534110898
0745559003747
0745543001201
0135554008517
0105543112512
0105539096702
0105551040843
0105501000333
0745561008157
0105556118557
0655554000384
0735541001122
0115546000022
0105556116058
0205565041218
0105552103351
0105542096521
0105527042360
0105550118555
0135560005915
0745540000076
0105547000221
0105539059068
0105546102321
0105559067147
0105486000056
0107537001170
0105551043613
0105560208531
0103524010627
0205565041218
0105567162854
0105553049341
0105532118417
0105531092104
0105532057965
0905565004545
0105543079302
0135557015719
0105546012454
0115568030005
0105549100753
0107558000369
0105531097556
0105545020054
0215559004632
0105553092671
0105560174865
0105542091554
0965560000193
0405560004142
0102496001818
0105558100973
0115553005000
0105535109621
0105550095261
0105560183457
0105549135034
0105535109621
0105531097556
0107560000354
0105535030286
0725539000602
0115532000777
0105533075568
0105566020657
0125561018361
0105535034923
0105540005286
0105563049026
0305560006995
0105555092457
0107556000591
0105540062689
0703545000161
0105532026733
0105564140493
0305549000676
0105538013293
0105537091975
0745562001652
0105549100923
0105560093385
0105521014518
0745560001205
0105513002115
0105556187702
0105532017599
0105560159602
0105541008033
0107567000287
0105535118477
0105554076628
0745563003098
0105517008835
0105542090281
0105552100432
0735556002502
0103536032035
0505563014776
0195566002071
0515554000491
0125541003139
0105541053331
0765564000378
0105567066766
0105542047946
0105554123979
0245558000412
0945560000452
0105550025336
0135560006130
0105555011741
0765560000497
0405567005519
0763558000203
0105536071415
0125559009996
0503561008050
0125560034486
0105556127106
0105557023444
0103558022806
0403559001401
0135558000294
0105565143992
0405566007232
0107567000414
0105556127041
0135558001525
0303563001518
0105546074425
0135562022027
0245566003271
0725537000346
0107568000094
0105559183708
0745558006122
0705568001573
0745567013225
0105561063714
0505532001559
0105565178516
0105560127425
0765567001928
0105560054673
0135557008631
0105558071256
0135566005216
0115548003479
0105568042488
0743542000080
0105538058840